time,x,y,z,phi,theta,psi,x_velocity,y_velocity,z_velocity,phi_velocity,theta_velocity,psi_velocity,rotor_speed1,rotor_speed2,rotor_speed3,rotor_speed4
0.06,-1.95275515452e-06,3.79196029113e-06,10.0003576944,0.00131975607042,0.000447389332248,0.0,-0.000112564202067,0.000233628801931,0.0119229037589,0.0114416649898,-0.00862468002944,0.0,408.8610412317476,408.0921121498831,407.0124427729723,408.0349113087158
0.12000000000000001,-2.12154359053e-05,4.91350925931e-05,10.0044429607,0.00214929236031,0.00103896036616,0.0,-0.000604244209112,0.00136966244794,0.124246076615,0.0059283928735,-0.0214232441939,0.0,442.65841930217414,441.6042574157781,439.681250425975,439.2242137347471
0.18,-7.77485501612e-05,0.000176009030076,10.0141581769,0.00272523680842,0.000732220803271,0.0,-0.00126193399023,0.00291208092823,0.199583570617,0.0100075090729,-0.0335265126359,0.0,429.60151747284834,428.5740574489785,428.7962402750948,429.1424563713159
0.23999999999999996,-0.00016392325646,0.000415179355645,10.0310144085,0.00350689436357,6.28259667362,0.0,-0.00145466151214,0.00514312211211,0.362252412437,0.0136225694605,-0.0255435908381,0.0,456.5051846144469,457.1413273158396,455.85765308780253,456.1462586877672
0.3,-0.000232162106717,0.000837403393356,10.0569363157,0.0121521844317,6.28107642298,0.0,-0.000655485448306,0.00989754997122,0.501753154369,-0.0182497336377,-0.0250337171174,0.0,449.8094391732456,449.85061659407245,450.3077096150684,447.72243627602444
0.36000000000000004,-0.000234459191519,0.00163579353301,10.0863160126,0.0116065511279,6.28083349137,0.0,0.000608571470212,0.016677811517,0.477581100842,-0.0276572712758,-0.0138834499888,0.0,395.49454483093297,396.51997498164405,396.0821748768039,395.21609776189354
0.4200000000000001,-0.000152129198708,0.00288339903582,10.1166931973,0.0172383116996,6.28061100812,0.0,0.00214756767162,0.0254773115437,0.534958340091,-0.0584612549612,-0.0237265893386,0.0,423.22707490434146,422.37921885999384,425.3813552126833,422.7348396958113
0.48000000000000015,2.57051271523e-05,0.0047297186148,10.1496845489,0.0169077773092,6.28043467386,0.0,0.00380651620004,0.0360193328463,0.564739532236,-0.0400988998607,-0.0126339197772,0.0,415.0013693313735,415.973730526652,412.4224060623166,414.0387905466838
0.5400000000000001,0.000288139223822,0.00724547448881,10.1865495968,0.0180322214273,0.00364816065272,0.0,0.0043177413742,0.0479751411496,0.664040346519,-0.061916777946,0.0154962947721,0.0,435.18514308812735,437.53310053760345,438.66588856689714,436.84921354951484
0.6000000000000002,0.000447054078437,0.0104878178761,10.2296178175,0.014623272537,0.00943483755821,0.0,0.000356841481487,0.0597576764304,0.77150236226,-0.0692951774408,-0.00987531634166,0.0,440.2757617855597,438.1718220164901,440.61833311285926,440.00492180945304
0.6600000000000003,0.000202178839006,0.0144225941711,10.2834697581,0.010454722268,0.0159465862119,0.0,-0.00929307093682,0.0708806250934,1.02336897844,-0.0701211001646,0.018147185971,0.0,481.9956649239333,484.1085481293628,483.6990156151884,483.6335703993964
0.7200000000000003,-0.000759963252012,0.0189457414326,10.3520843199,0.0122656706114,0.0177973886062,0.0,-0.0229913407565,0.0801455580597,1.26354198341,-0.0982218993388,0.0265843714608,0.0,479.56254992850927,480.2028812043528,482.0286414560622,479.89601896168347
0.7800000000000004,-0.00264386611126,0.0240482279277,10.4364359117,0.00669545323577,0.025211198937,0.0,-0.0407930490308,0.0892062318549,1.54782450745,-0.0930811329416,-0.00106732393199,0.0,495.2319812358236,493.1940357708112,492.66048054055165,493.0334448172596
0.8400000000000004,-0.00558011518434,0.0295120468189,10.5309576215,0.0016299730136,0.0258173444489,0.0,-0.0571303429646,0.0924461319196,1.6028245387,-0.10226723234,0.00678050011055,0.0,424.3427001718878,425.0157623258135,425.42608159126496,424.6305008239127
0.9000000000000005,-0.00955819832799,0.0350714330719,10.6306322225,6.27945298709,0.0269004482259,0.0,-0.0755730616099,0.0922973067568,1.71949100505,-0.09375754365,0.0146685671272,0.0,444.65707522153053,445.30263531956626,444.1775935605935,444.8663549906548
0.9600000000000005,-0.0146964006687,0.0405093409248,10.7384268366,6.27525421218,0.0279791668987,0.0,-0.0958084629823,0.0885213819527,1.87341768036,-0.108097529832,0.0184957197948,0.0,455.8361380080679,456.1417482588232,457.83816512417906,456.6878314433899
1.0200000000000005,-0.0210919071581,0.0456566770053,10.8560808352,6.2800934674,0.0292557176031,0.0,-0.117517824132,0.0835666906314,2.04808306807,-0.0724138098756,0.0126635078096,0.0,464.28306447242124,463.82518845271767,461.3841421452224,464.1851053495401
1.0800000000000005,-0.0288504348117,0.0505853253044,10.9853336914,6.27742883217,0.0301224706278,0.0,-0.141197155642,0.080425507,2.25994598145,-0.0878643482439,0.00768553037797,0.0,475.5656672679889,475.1841084796306,475.38925966332914,474.19956660631084
1.1400000000000006,-0.0378700712331,0.0552895125695,11.1213213288,6.27238538406,0.0313717624907,0.0,-0.159560751541,0.0759274526012,2.27294250674,-0.0836935967078,0.0162844650629,0.0,412.41860603810085,413.177276848362,414.2490226653836,414.6088355947989
1.2000000000000006,-0.0482018570024,0.0595783362097,11.2636435062,6.26947729501,0.0355637845107,0.0,-0.185286000961,0.0667197252648,2.47070310407,-0.100864894961,0.0347626621892,0.0,471.8429057434146,473.2672509199563,471.7971419277867,470.46335098586366
1.2600000000000007,-0.0599459496654,0.063332760312,11.4113679412,6.26549706963,0.0404831050579,0.0,-0.206618563839,0.0580782294491,2.45345831281,-0.0862528069302,0.0150836884559,0.0,405.58149803246965,403.8105404063833,403.40427733064763,404.71269186647606
1.3200000000000007,-0.0731660354862,0.0664589842282,11.5610553562,6.26461871009,0.0424249706289,0.0,-0.234227466552,0.0460698319684,2.5359308681,-0.110192321788,0.025102429473,0.0,437.5301938935276,438.3634514757203,437.80322140666067,435.7990952138309
1.3800000000000008,-0.0880487195523,0.0688632833076,11.7148524413,6.26383269679,0.0447454630689,0.0,-0.262089347408,0.0340284465374,2.59050164473,-0.137860147346,0.0139443479406,0.0,429.52173921207475,428.57444590592314,429.75827388666244,427.39319756649047
1.4400000000000008,-0.104847006959,0.0704094549116,11.8764734763,6.25606359653,0.0456708620874,0.0,-0.297939501285,0.016617377719,2.79635784483,-0.14691875763,0.0162211934887,0.0,475.5699793173344,475.74421853120174,476.2468702996589,475.5364721120644
1.5000000000000009,-0.123704792946,0.0707932778961,12.0479274086,6.24747013275,0.0470010138162,0.0,-0.330775205265,-0.00472321902635,2.91843217363,-0.14282427988,0.0216743904312,0.0,450.6882241047211,451.12869263009316,452.17653962158795,452.48685532989515
1.560000000000001,-0.144521963857,0.0697534971407,12.2256888556,6.23957974519,0.0501794351979,0.0,-0.363455921276,-0.0307256532069,3.00666827925,-0.134918589262,0.00541463228561,0.0,442.80914290268583,441.4694645837174,441.1057941013366,441.73977015660034
1.620000000000001,-0.167438588087,0.0669225784956,12.4103178299,6.23161215843,0.0517018317184,0.0,-0.400593145671,-0.064474926613,3.14719809646,-0.140211623233,-0.00783280124042,0.0,458.73604269852075,457.6828730040603,459.2310256167999,458.79433815270454
1.680000000000001,-0.192495734579,0.0620298452409,12.6008226274,6.22416461375,0.0569669912194,0.0,-0.435116852361,-0.0993046122032,3.20273263563,-0.152241267574,0.0172285291389,0.0,432.2605414163951,434.36738493915476,432.96109706594933,431.9276854761084
1.740000000000001,-0.220087808012,0.0545247853282,12.8008220095,6.2155429655,0.0627967050111,0.0,-0.485280948418,-0.151886203759,3.46303545696,-0.16137839705,0.0400484340389,0.0,494.221784994943,495.9009566029564,495.61949618342214,494.9273711257887
1.8000000000000012,-0.250506962776,0.0440089121159,13.0111170114,6.20600767958,0.0698413145958,0.0,-0.529401942627,-0.199572009224,3.54640529884,-0.158205372114,0.0152168456093,0.0,444.63594524114365,442.5972719290658,444.62782363284975,444.8633144254867
1.8600000000000012,-0.283686508326,0.0304644973954,13.2261159235,6.19718169191,0.0749301128527,0.0,-0.577047180029,-0.252758048131,3.61986460114,-0.150384070619,0.0364340466316,0.0,440.9155560802462,442.66512050055275,441.6501737869264,442.27179070383846
1.9200000000000013,-0.319863937337,0.0135045600572,13.446116184,6.18955892292,0.0771128869109,0.0,-0.629068217271,-0.313323801977,3.71306259852,-0.138566775846,0.0362576757532,0.0,449.52998044713337,449.51627072026287,447.74244194525056,448.6830017500641
1.9800000000000013,-0.359296250969,-0.00732588005802,13.6727599323,6.18736957002,0.0802391776682,0.0,-0.685656856684,-0.381237004986,3.84121635264,-0.112630935954,0.0243085690315,0.0,461.1114169281412,460.16680404060327,459.409755301575,461.4469047380238
2.0400000000000014,-0.401883534607,-0.0319212371437,13.9033545919,6.18396236286,0.0818265888491,0.0,-0.734066388865,-0.438918294199,3.84518134996,-0.0937438315052,0.0189965637247,0.0,421.99162901188936,421.53286575374335,421.4305372287797,423.04947819566445
2.1000000000000014,-0.447863542293,-0.0606030802255,14.139736703,6.1784607949,0.0832432811619,0.0,-0.798708695658,-0.517708695295,4.03344893931,-0.0909183959251,0.0236844482689,0.0,479.98036779498557,480.33597867431513,479.33786233897723,479.54596236654464
2.1600000000000015,-0.497202825417,-0.0934290744726,14.3808018842,6.1768651358,0.0850799897823,0.0,-0.84609546765,-0.576647996096,4.00209901676,-0.0705649347227,0.0296479438581,0.0,411.91348062071376,412.4407489239821,410.87086834092304,412.66516657116466
2.2200000000000015,-0.549488099524,-0.129866854583,14.6205653811,6.17887358801,0.0934838664854,0.0,-0.897448378448,-0.637745721974,3.98996666629,-0.0991611053966,0.0566690165352,0.0,416.9479398439665,419.30312430777565,419.96100871219613,417.46733106494526
2.2800000000000016,-0.605390594234,-0.170401985619,14.863788359,6.17389773982,0.0984027581341,0.0,-0.966437158769,-0.713883435924,4.11684394137,-0.111238330962,0.0690219219424,0.0,462.60773205573366,463.5819525406451,463.6021046763148,462.643306311028
2.3400000000000016,-0.665318347441,-0.215372236138,15.1123930068,6.16795655488,0.102847793519,0.0,-1.03156900374,-0.785667352402,4.16960721351,-0.102983057038,0.0616662501475,0.0,440.5043336501764,439.8989439186403,442.01458419391344,442.6840272392685
2.4000000000000017,-0.729333441978,-0.264857776773,15.3649423203,6.16177008815,0.109133513715,0.0,-1.10287984732,-0.864414478117,4.24818521571,-0.103446433925,0.0428100487368,0.0,449.85056035047955,448.32299293400285,451.51596746260816,451.4695132373598
2.4600000000000017,-0.79750391924,-0.318924310048,15.6200416186,6.15661521534,0.111709202291,0.0,-1.16970294773,-0.938238141562,4.25494056154,-0.115946296208,0.0400962773006,0.0,429.20724955617624,428.9778581822944,427.8304194702791,426.7539821450057
2.520000000000002,-0.870086061097,-0.377912280047,15.8786107394,6.15077727525,0.114912492857,0.0,-1.25000248036,-1.02857765989,4.36339710944,-0.105497893044,0.0290400247692,0.0,461.41841374621083,460.5452238799712,460.7673708374589,461.58199884601714
2.580000000000002,-0.947390918805,-0.442228778098,16.1422895536,6.15355329597,0.117146997823,0.0,-1.32701625875,-1.11503828462,4.42557463338,-0.073620580961,0.0356175871961,0.0,447.8583906320254,448.39345286728127,446.26917837043464,448.85627867451916
2.640000000000002,-1.02907712993,-0.511358715646,16.4072446885,6.15751796016,0.120723572333,0.0,-1.39619091349,-1.1889999546,4.40626284887,-0.0430834650928,0.0212196116798,0.0,422.260947014818,421.0172862192501,420.89617468640716,423.5279084599276
2.700000000000002,-1.11487196443,-0.584764471041,16.6702287556,6.15988242436,0.122235015531,0.0,-1.46379235034,-1.25772138068,4.35999068511,-0.0198832961146,0.0254996852463,0.0,412.09733324618776,412.4756213859113,412.1497547097065,414.1947592801446
2.760000000000002,-1.20557151314,-0.663061749605,16.9368296857,6.15893831214,0.129404786882,0.0,-1.5602786682,-1.35220729422,4.5257966841,-0.0154881371082,-0.00174291247867,0.0,481.42281852965766,479.35682490976984,479.5906888952508,479.9245196251632
2.820000000000002,-1.30200740044,-0.746810644863,17.2118150304,6.16958785543,0.133621368672,0.0,-1.65462088494,-1.43824134174,4.63991464127,-0.0539830338679,0.0198601661008,0.0,465.1325652408863,466.82147419680484,467.9369836723008,464.93003306879604
2.880000000000002,-1.40438625851,-0.835711397291,17.4950694498,6.16912053209,0.136275612981,0.0,-1.75823787517,-1.52511459427,4.80103883575,-0.0369065470439,0.0053576503574,0.0,481.89067189902374,480.79292260494367,480.8137272631294,482.10461706023705
2.940000000000002,-1.51256982734,-0.929433146666,17.7844162344,6.16739938977,0.144115312986,0.0,-1.8485647981,-1.59907102096,4.84340864598,-0.0458933189288,0.0342180411446,0.0,445.27500128896327,447.63007864691497,447.5662460445502,446.8333107441027
3.000000000000002,-1.62560593529,-1.02705566807,18.071474569,6.16982046038,0.146919855249,0.0,-1.91960679382,-1.65490706556,4.72562522854,-0.0720416062047,0.0234462918584,0.0,393.58824813837776,392.59031259741613,394.9819145336583,392.56005562743735
3.0600000000000023,-1.74369438587,-1.12855998218,18.3563795728,6.17155081341,0.152515307138,0.0,-2.01716521698,-1.72837106454,4.77082956056,-0.100219563889,0.0446979034817,0.0,446.33020605232974,448.06186707646185,449.4607958888344,447.1655544835857
3.1200000000000023,-1.86782997359,-1.23452641291,18.6444965058,6.16664133901,0.158083515811,0.0,-2.12117366882,-1.80426525706,4.83248728831,-0.112991121685,0.062147037128,0.0,452.3825588978079,453.78721351299885,455.16860380479466,454.1359312440354
3.1800000000000024,-1.99853136896,-1.34524764434,18.9372164056,6.16414980769,0.179547639186,0.0,-2.23754987693,-1.88662050824,4.92376713134,-0.0914763042341,0.107094985185,0.0,461.7685506647148,465.30588141492615,464.71925436681676,466.39361833566073
3.2400000000000024,-2.13607595286,-1.46060660417,19.2323432084,6.15904587159,0.193281767431,0.0,-2.34845964797,-1.95909140491,4.91329994768,-0.0857777100382,0.0762556671326,0.0,436.06796239665397,433.4920371424765,433.6535716860375,434.12516179610844
3.3000000000000025,-2.28062985392,-1.58048325162,19.5274504674,6.15438552937,0.20060696205,0.0,-2.47065922468,-2.0371771572,4.92313266404,-0.0947112991145,0.0568502036006,0.0,442.9346122242276,441.3393196239608,442.21859660610664,441.4753498641881
3.3600000000000025,-2.43270925118,-1.70516571234,19.8234131079,6.15165691606,0.205418991679,0.0,-2.59906837858,-2.11914858896,4.94184214203,-0.0770457770196,0.0686714784331,0.0,445.4576071471432,446.42602281217137,445.04520031329236,446.4824703192194
3.4200000000000026,-2.59325456223,-1.83522536409,20.1234829462,6.14744665582,0.216994452261,0.0,-2.75348136247,-2.21648724169,5.05928558013,-0.0853834606898,0.0974052867786,0.0,476.89208963928775,479.086661143977,478.02612881694637,477.38561556218224
3.4800000000000026,-2.7632659152,-1.97119554241,20.430367412,6.14232877545,0.223701382763,0.0,-2.91413842904,-2.31627061098,5.16908894998,-0.0880180675055,0.0859599452574,0.0,478.60493262653455,477.73963227452253,477.84297112144395,477.63648411442654
3.5400000000000027,-2.94244398666,-2.11287343036,20.7410658064,6.13718154822,0.231831781388,0.0,-3.05914302838,-2.40673355175,5.18684779279,-0.0934024303492,0.103684944125,0.0,451.7920745777483,453.2261714400059,450.7457754774088,450.3037187334933
3.6000000000000028,-3.12977051253,-2.25963564916,21.0498019893,6.1316714676,0.240016478524,0.0,-3.18578568545,-2.48577547581,5.10419797643,-0.0981708459805,0.0870871262209,0.0,419.9297176610211,418.49606594577574,419.9238599349631,419.5016628694585
3.660000000000003,-3.32595207978,-2.41191055376,21.3579982491,6.12729066783,0.249397677672,0.0,-3.35441834708,-2.59038535095,5.16795513242,-0.0858593895833,0.0635224347815,0.0,468.9102793407127,467.0804773120612,467.75462588815935,468.7055831926987
3.720000000000003,-3.53155744935,-2.56999565922,21.6665724517,6.12990201922,0.254481781011,0.0,-3.49959435807,-2.67898294456,5.11769909849,-0.0565149615685,0.0499054991162,0.0,432.70167133596664,431.55611108844766,432.80648434394817,435.26500877407
3.780000000000003,-3.74721823872,-2.73411048331,21.9768024972,6.12650098152,0.26000817989,0.0,-3.68953127514,-2.79173883816,5.22210070209,-0.0581885579208,0.0312327515991,0.0,483.9083364301415,482.50133877028753,483.02165365909644,482.8934504880129
3.840000000000003,-3.97441108936,-2.90507153446,22.2932890973,6.12399328409,0.263194147015,0.0,-3.88373738281,-2.90712357817,5.32632193362,-0.0484584228434,0.0426373686536,0.0,484.5536725980607,485.41085888899056,485.45316067101714,486.1811263930292
3.900000000000003,-4.21222479939,-3.08235292087,22.6118667313,6.12117444251,0.268008613203,0.0,-4.04385123358,-3.00249125796,5.29250964681,-0.053134380747,0.0249390813672,0.0,444.5696818764161,443.1174566100915,444.5454825807275,444.16049570779717
3.960000000000003,-4.46073262479,-3.26599743351,22.9319434165,6.11853311865,0.269569270166,0.0,-4.23979519746,-3.11917687595,5.37569435304,-0.0461462961278,0.0267651475789,0.0,481.4116608613401,481.5499047733567,482.6851507774628,483.2109276041924
4.020000000000002,-4.72001843486,-3.45608361241,23.2532673442,6.11799083071,0.271631345466,0.0,-4.40334764308,-3.21713174901,5.33483286147,-0.0309569039948,0.0180697078086,0.0,444.20884203485804,443.49510041493033,445.1647971715359,446.4053930165401
4.080000000000001,-4.98935599567,-3.6521729776,23.5727086332,6.11614423348,0.27589074663,0.0,-4.57497236469,-3.31934168054,5.31270576592,-0.0338118670774,0.03642636168,0.0,450.26520254765387,451.7482902241237,452.43936113581884,452.2090372601168
4.14,-5.26916887951,-3.85448161868,23.8910460102,6.11506175523,0.279771229319,0.0,-4.7524992923,-3.42438808211,5.29799464919,-0.0242887446243,0.0495379827407,0.0,454.61644259893154,455.666918764694,454.8844619184798,455.6463245579296
4.199999999999998,-5.56007942759,-4.06330327708,24.209655248,6.12207280946,0.283132762164,0.0,-4.94485666776,-3.53576345537,5.32175510135,0.00641179080029,0.0552767979223,0.0,468.2247793286173,468.67269027728304,467.5094861602006,469.8961077983967
4.259999999999997,-5.86310605699,-4.27898209093,24.5312677488,6.12245017254,0.287740394218,0.0,-5.15637529499,-3.65341991679,5.39751148497,0.00595921482189,0.0665810048219,0.0,485.81758520028967,486.6667553373777,485.8906301965547,485.85658445467135
4.319999999999996,-6.17684491167,-4.50057741869,24.8503517152,6.12799977499,0.295262919794,0.0,-5.30238588106,-3.7329221817,5.23897360879,-0.0202304621475,0.0859902824441,0.0,409.76271672789915,411.48971721387574,412.46716798320466,410.1470116371135
4.379999999999995,-6.50005982144,-4.72720177051,25.1617727569,6.12833128087,0.30184878902,0.0,-5.47213815675,-3.82128082867,5.14153553142,-0.0351009839231,0.071651458097,0.0,432.4672618308521,431.2630231293565,432.5454372625011,431.29079458650705
4.439999999999993,-6.83523080978,-4.95995111609,25.4724832517,6.12804986906,0.307034963276,0.0,-5.70062514325,-3.93696955988,5.21421149696,-0.0511470042321,0.0808380882941,0.0,487.0443820562205,487.7349754722729,488.16828616442086,486.9684806005862
4.499999999999992,-7.18303145095,-5.19907623956,25.7836846958,6.12498216264,0.312348321053,0.0,-5.89327561355,-4.03413614346,5.15859699403,-0.0510925606269,0.0871880643246,0.0,448.92677795488197,449.4473968157071,449.56894826685453,449.5717263031225
4.559999999999991,-7.54342657416,-5.44452680096,26.0942080056,6.12311605546,0.320881098321,0.0,-6.12059636003,-4.14764227296,5.19082172241,-0.0402356979027,0.0660471541421,0.0,480.7863569775664,479.1862094550146,477.8069073683805,478.6329130668293
4.6199999999999894,-7.91682855679,-5.69639703749,26.4041298098,6.1354631078,0.328206848769,0.0,-6.32695074208,-4.24718202671,5.13960926946,-0.0835404502051,0.0447224154353,0.0,455.6022823112435,453.89599023879214,456.522495339061,453.05087128881024
4.679999999999988,-8.30147787678,-5.95355577922,26.7071946852,6.13552533661,0.331048543982,0.0,-6.49536036005,-4.32495552107,4.9629069821,-0.109447307272,0.0480435152394,0.0,412.2246059372516,412.5194807564921,412.9423116016926,410.6418893267003
4.739999999999987,-8.69714674717,-6.21576581606,27.0019521839,6.1302513157,0.334907379912,0.0,-6.69415364689,-4.41582352375,4.86192186758,-0.0981348064633,0.0359534842925,0.0,438.76419211498876,437.7601425595978,437.8800171268458,438.81043055335624
4.799999999999986,-9.10491063296,-6.48352472315,27.290738888,6.13187016404,0.337097708993,0.0,-6.89851183578,-4.50948073571,4.76415498608,-0.129373374637,0.0324263361559,0.0,440.4300384929987,440.1386574480515,441.26561920158616,438.6678780767609
4.859999999999984,-9.52603088667,-6.75736044783,27.5764042231,6.12421381377,0.339055731674,0.0,-7.13909204378,-4.61898439808,4.75693113493,-0.134338311354,0.0329389201677,0.0,470.64599083829575,470.68600835312236,470.97361852986177,470.57464501319504
4.919999999999983,-9.960995315,-7.03759702368,27.859596794,6.11614898967,0.34302246114,0.0,-7.36022245443,-4.72284591861,4.68201487556,-0.134591002014,0.0472399457528,0.0,451.2101775564217,452.36425110913353,450.2807295099942,450.24387703338294
4.979999999999982,-10.409688722,-7.32434245439,28.1391093394,6.11237128229,0.347062834573,0.0,-7.59674862583,-4.83563233521,4.63416282526,-0.158533358976,0.0339501465994,0.0,462.19899099504846,461.151046601621,462.80331670039436,460.8962474996743
5.0399999999999805,-10.872763577,-7.61797090832,28.4157991899,6.10458593748,0.350948752254,0.0,-7.83953784824,-4.95255754576,4.5877295493,-0.174178864792,0.0476934944633,0.0,463.9496082207104,465.02839340974003,464.8253725305629,463.57294314381045
